0,Jogging,1555595823183000,-0.545877993106842,5.343858242034912,7.967903137207031
0,Jogging,1555595823380000,-0.15322890877723694,5.324704647064209,7.747636795043945
0,Jogging,1555595823583000,-0.5937620401382446,5.1810526847839355,8.111555099487305
0,Jogging,1555595823781000,-1.1109095811843872,5.295974254608154,7.469909191131592
0,Jogging,1555595823981000,-0.2298433631658554,5.190629482269287,10.687716484069824
0,Jogging,1555595824182000,2.6431987285614014,2.7006595134735107,6.914454460144043
0,Jogging,1555595824382000,4.9799394607543945,6.004657745361328,12.737153053283691
0,Jogging,1555595824582000,-0.047884032130241394,4.644751071929932,3.9839515686035156
0,Jogging,1555595824784000,-0.7661445140838623,9.165003776550293,13.876792907714844
0,Jogging,1555595824983000,3.801992416381836,2.250549554824829,5.142745018005371
0,Jogging,1555595825180000,4.20421838760376,2.5665841102600098,5.458779811859131
0,Standing,1555595910466000,-0.2106897532939911,5.497087001800537,8.073247909545898
0,Standing,1555595910665000,0.047884032130241394,5.602431774139404,7.728483200073242
0,Standing,1555595910865000,0.12449848651885986,5.5545477867126465,7.757213592529297
0,Standing,1555595911065000,0.6703764796257019,5.602431774139404,8.130708694458008
0,Standing,1555595911266000,0.545877993106842,5.410895824432373,8.216899871826172
0,Standing,1555595911467000,0.4213795065879822,5.295974254608154,7.939172744750977
0,Standing,1555595911666000,0.5746083855628967,5.3342814445495605,8.092401504516602
0,Standing,1555595911867000,0.2968810200691223,5.39174222946167,8.111555099487305
0,Standing,1555595912066000,0.22026655077934265,5.449203014373779,8.015787124633789
0,Standing,1555595912266000,0.4213795065879822,5.602431774139404,7.891288757324219
0,Standing,1555595912467000,0.40222588181495667,5.51624059677124,8.034940719604492
0,Standing,1555595912666000,0.47884035110473633,5.679046630859375,8.044517517089844
0,Standing,1555595912867000,0.4884171485900879,5.592854976654053,7.814674377441406
0,Standing,1555595913067000,0.47884035110473633,5.736507415771484,7.709329605102539
0,Standing,1555595913266000,0.40222588181495667,5.746084213256836,7.757213592529297
0,Standing,1555595913466000,0.38307225704193115,5.659893035888672,7.8529815673828125
0,Standing,1555595913666000,0.47884035110473633,5.765237808227539,7.987056732177734
0,Standing,1555595913867000,0.4692635238170624,5.822698593139648,7.508216381072998
0,Standing,1555595914067000,0.5363011956214905,5.688623428344727,7.881711959838867
0,Standing,1555595914267000,0.38307225704193115,5.736507415771484,8.073247909545898
0,Standing,1555595914467000,0.47884035110473633,5.688623428344727,8.111555099487305
0,Standing,1555595914666000,0.363918662071228,5.784391403198242,7.881711959838867
0,Standing,1555595914865000,0.3447650372982025,5.669469833374023,7.910442352294922
0,Standing,1555595915065000,0.40222588181495667,5.621585369110107,8.216899871826172
0,Standing,1555595915266000,0.363918662071228,5.717353820800781,7.718906402587891
0,Standing,1555595915466000,0.2968810200691223,5.640739440917969,7.910442352294922
0,Standing,1555595915667000,0.4213795065879822,5.688623428344727,8.169015884399414
0,Standing,1555595915866000,0.33518823981285095,5.688623428344727,8.111555099487305
0,Standing,1555595916067000,0.2777273952960968,5.726930618286133,7.766790390014648
0,Standing,1555595916267000,0.4596867263317108,5.736507415771484,8.015787124633789
0,Standing,1555595916465000,0.45010992884635925,5.679046630859375,8.121131896972656
0,Standing,1555595916666000,0.28730419278144836,5.612008571624756,8.08282470703125
0,Standing,1555595916867000,0.5363011956214905,5.726930618286133,8.255207061767578
0,Standing,1555595917066000,0.5363011956214905,5.70777702331543,8.054094314575195
0,Standing,1555595917267000,0.4884171485900879,5.803544998168945,8.006210327148438
0,Standing,1555595917466000,0.5171475410461426,5.736507415771484,8.178592681884766
0,Standing,1555595917666000,0.4692635238170624,5.736507415771484,7.814674377441406
0,Standing,1555595917866000,0.45010992884635925,5.640739440917969,7.920019149780273
0,Standing,1555595918067000,0.4118026793003082,5.612008571624756,8.236053466796875
0,Standing,1555595918267000,0.5554547905921936,5.688623428344727,8.283937454223633
0,Standing,1555595918467000,0.3256114423274994,5.535394191741943,7.5848307609558105
0,Standing,1555595918665000,1.0055646896362305,5.7556610107421875,8.427590370178223
0,Standing,1555595918866000,0.4596867263317108,5.612008571624756,8.063671112060547
0,Standing,1555595919065000,0.6320692300796509,5.688623428344727,7.728483200073242
0,Standing,1555595919266000,0.49799394607543945,5.746084213256836,7.833827972412109
0,Standing,1555595919466000,0.43095630407333374,5.784391403198242,7.8529815673828125
0,Standing,1555595919664000,0.45010992884635925,5.631162166595459,7.987056732177734
0,Standing,1555595919865000,0.6129156351089478,5.688623428344727,7.939172744750977
0,Standing,1555595920066000,0.40222588181495667,5.5545477867126465,8.389283180236816
0,Standing,1555595920266000,0.4692635238170624,5.583278179168701,7.862558364868164
0,Standing,1555595920466000,0.4692635238170624,5.602431774139404,8.571242332458496
0,Standing,1555595920666000,0.49799394607543945,5.612008571624756,7.862558364868164
0,Standing,1555595920866000,0.24899697303771973,5.5545477867126465,7.833827972412109
0,Standing,1555595921066000,0.5650315880775452,5.679046630859375,8.149862289428711
0,Standing,1555595921269000,0.40222588181495667,5.564124584197998,8.121131896972656
0,Standing,1555595921466000,0.4118026793003082,5.525817394256592,7.977479934692383
0,Standing,1555595921666000,0.507570743560791,5.5545477867126465,8.283937454223633
0,Standing,1555595921866000,0.5554547905921936,5.544970989227295,7.967903137207031
0,Standing,1555595922067000,0.4692635238170624,5.602431774139404,8.044517517089844
0,Standing,1555595922266000,0.6033388376235962,5.70777702331543,8.197746276855469
0,Standing,1555595922467000,0.45010992884635925,5.640739440917969,7.862558364868164
0,Standing,1555595922667000,0.15322890877723694,5.631162166595459,7.709329605102539
0,Standing,1555595938879000,-2.8443117141723633,4.462791919708252,7.6997528076171875
0,Standing,1555595939077000,-1.4844050407409668,4.616020679473877,8.456320762634277
0,Standing,1555595939280000,-1.2449848651885986,4.3191399574279785,8.418013572692871
0,Standing,1555595939479000,-1.2832920551300049,4.3861775398254395,8.47547435760498
0,Standing,1555595939680000,-1.1109095811843872,4.357447147369385,8.465897560119629
0,Standing,1555595939879000,-0.8427590131759644,4.4723687171936035,8.628703117370605
0,Standing,1555595940081000,-0.9576807022094727,4.3191399574279785,8.465897560119629
0,Standing,1555595940279000,-0.8236053586006165,4.3861775398254395,8.772355079650879
0,Standing,1555595940481000,-0.47884035110473633,4.443638324737549,8.456320762634277
0,Standing,1555595940681000,-0.47884035110473633,4.481945514678955,8.53293514251709
0,Standing,1555595940881000,-0.31603461503982544,4.616020679473877,8.47547435760498
0,Standing,1555595941081000,-0.14365209639072418,4.721365928649902,8.216899871826172
0,Standing,1555595941280000,-0.23942017555236816,4.702212333679199,8.389283180236816
0,Standing,1555595941480000,-0.3926490843296051,4.596867084503174,8.609549522399902
0,Standing,1555595941680000,-0.2968810200691223,4.750096321105957,8.580819129943848
0,Standing,1555595941879000,-0.17238251864910126,4.788403511047363,8.283937454223633
0,Standing,1555595942080000,0.06703764945268631,4.912901878356934,8.485051155090332
0,Standing,1555595942280000,0.1628057211637497,4.989516258239746,8.437167167663574
0,Standing,1555595942481000,0.13407529890537262,5.027823448181152,8.073247909545898
0,Standing,1555595942680000,0.2585737705230713,4.960785865783691,8.26478385925293
0,Standing,1555595942880000,0.14365209639072418,5.066130638122559,8.236053466796875
0,Standing,1555595943080000,0.13407529890537262,4.999093055725098,8.08282470703125
0,Standing,1555595943280000,0.14365209639072418,4.932055473327637,8.418013572692871
0,Standing,1555595943480000,0.15322890877723694,5.114014625549316,8.216899871826172
0,Standing,1555595943680000,0.08619125932455063,5.123591423034668,8.121131896972656
0,Standing,1555595943880000,0.181959331035614,5.1331682205200195,8.513781547546387
0,Standing,1555595944081000,0.06703764945268631,5.200206279754639,8.188169479370117
0,Standing,1555595944280000,0.2968810200691223,5.257667064666748,8.006210327148438
0,Standing,1555595944479000,0.13407529890537262,5.238513469696045,8.130708694458008
0,Standing,1555595944680000,0.0,5.257667064666748,8.197746276855469
0,Standing,1555595944879000,0.24899697303771973,5.257667064666748,8.111555099487305
0,Standing,1555595945080000,0.181959331035614,5.363011837005615,8.149862289428711
0,Standing,1555595945280000,0.1149216815829277,5.161899089813232,7.987056732177734
0,Standing,1555595945481000,0.10534487664699554,5.430049419403076,8.26478385925293
0,Standing,1555595945680000,0.019153613597154617,5.3342814445495605,8.437167167663574
0,Standing,1555595945880000,0.14365209639072418,5.1810526847839355,7.881711959838867
0,Standing,1555595946080000,0.31603461503982544,5.363011837005615,8.293514251708984
0,Standing,1555595946280000,0.35434186458587646,5.286397457122803,8.015787124633789
0,Standing,1555595946480000,0.43095630407333374,5.286397457122803,8.092401504516602
0,Standing,1555595946681000,0.3256114423274994,5.439626216888428,8.073247909545898
0,Standing,1555595946881000,0.4213795065879822,5.324704647064209,7.718906402587891
0,Standing,1555595947080000,0.3734954595565796,5.458779811859131,8.188169479370117
0,Standing,1555595947281000,0.009576806798577309,5.305551052093506,7.939172744750977
0,Standing,1555595947480000,0.15322890877723694,5.372588634490967,7.814674377441406
0,Standing,1555595947680000,0.17238251864910126,5.410895824432373,8.034940719604492
0,Standing,1555595947880000,0.23942017555236816,5.410895824432373,8.188169479370117
0,Standing,1555595948081000,0.4213795065879822,5.3342814445495605,8.14028549194336
0,Standing,1555595948279000,0.40222588181495667,5.3342814445495605,8.197746276855469
0,Standing,1555595948479000,0.3447650372982025,5.324704647064209,8.111555099487305
0,Standing,1555595948681000,0.23942017555236816,5.228936672210693,8.149862289428711
0,Standing,1555595948880000,0.5937620401382446,5.679046630859375,8.322244644165039
0,Standing,1555595949079000,0.7374141216278076,5.746084213256836,7.680599212646484
0,Standing,1555595949282000,1.2066776752471924,5.698200225830078,7.718906402587891
0,Standing,1555595949479000,0.5746083855628967,5.870582580566406,7.891288757324219
0,Standing,1555595949680000,0.28730419278144836,5.765237808227539,7.987056732177734
0,Standing,1555595949881000,0.5554547905921936,5.803544998168945,7.680599212646484
0,Standing,1555595950083000,0.6512228846549988,5.688623428344727,8.398859977722168
0,Jogging,1555595957680000,0.6512228846549988,5.4875102043151855,5.477933406829834
0,Jogging,1555595957879000,-4.644751071929932,8.130708694458008,7.383718013763428
0,Jogging,1555595958079000,4.865017890930176,3.093308687210083,8.02536392211914
0,Jogging,1555595958279000,4.309563159942627,4.750096321105957,9.710882186889648
0,Jogging,1555595958480000,1.0055646896362305,6.368576526641846,6.349422931671143
0,Jogging,1555595958679000,-1.944091796875,4.51067590713501,6.196194171905518
0,Jogging,1555595958881000,3.6583402156829834,3.8307228088378906,7.996633529663086
0,Jogging,1555595959080000,5.07570743560791,-1.1779472827911377,2.911349296569824
0,Jogging,1555595959280000,-1.8770540952682495,8.130708694458008,13.73314094543457
0,Jogging,1555595959480000,-2.011129379272461,2.9305028915405273,2.451662540435791
0,Jogging,1555595959680000,1.8195933103561401,6.57926607131958,15.49527359008789
0,Jogging,1555595959880000,5.152322292327881,-1.9345149993896484,1.50355863571167
0,Jogging,1555595960080000,1.5705963373184204,8.169015884399414,23.424869537353516
0,Jogging,1555595960280000,-2.6815059185028076,4.730942726135254,4.989516258239746
0,Jogging,1555595960480000,3.6966474056243896,9.634267807006836,20.55182647705078
0,Jogging,1555595960680000,5.104437828063965,-2.7293899059295654,1.7812861204147339
0,Jogging,1555595960880000,6.8378400802612305,12.411541938781738,20.906169891357422
0,Jogging,1555595961080000,-2.1164743900299072,5.171475887298584,1.8962076902389526
0,Jogging,1555595961279000,-3.7924153804779053,16.10818862915039,16.75941276550293
0,Jogging,1555595961480000,5.410895824432373,-3.3039982318878174,3.869029998779297
0,Jogging,1555595961680000,3.332728862762451,14.566323280334473,8.695740699768066
0,Jogging,1555595961880000,-1.3311761617660522,6.378153324127197,0.07661445438861847
0,Jogging,1555595962080000,-4.443638324737549,15.313314437866211,16.309301376342773
0,Jogging,1555595962280000,4.529829502105713,-1.5131354331970215,2.7006595134735107
0,Jogging,1555595962479000,5.161899089813232,11.185709953308105,10.812214851379395
0,Jogging,1555595962680000,-0.8140285611152649,4.060565948486328,-0.2298433631658554
0,Jogging,1555595962880000,-5.621585369110107,6.856993675231934,4.836287498474121
0,Jogging,1555595963079000,3.026270866394043,2.873042106628418,5.679046630859375
0,Jogging,1555595963280000,5.985504150390625,1.3120225667953491,5.018246650695801
0,Jogging,1555595963480000,-1.6280571222305298,6.952761650085449,7.163451671600342
0,Jogging,1555595963680000,-4.577713489532471,3.485957622528076,2.4803929328918457
0,Jogging,1555595963880000,3.8786067962646484,3.44765043258667,16.385915756225586
0,Jogging,1555595964080000,4.941632270812988,-1.6759412288665771,-0.3256114423274994
0,Jogging,1555595964279000,1.3215993642807007,7.326257228851318,22.697032928466797
0,Jogging,1555595964481000,-4.098873138427734,3.5913026332855225,2.0685901641845703
0,Jogging,1555595964680000,6.224924564361572,7.738059997558594,25.52219009399414
0,Jogging,1555595964880000,5.851428985595703,-2.853888511657715,1.8579005002975464
0,Jogging,1555595965080000,8.916007041931152,10.754754066467285,26.403255462646484
0,Jogging,1555595965280000,-1.4748282432556152,4.606443881988525,1.1683704853057861
0,Jogging,1555595965479000,0.7374141216278076,16.10818862915039,12.928689002990723
0,Jogging,1555595965679000,5.746084213256836,-2.738966703414917,2.7485435009002686
0,Jogging,1555595965880000,1.9345149993896484,11.798625946044922,14.154520034790039
0,Jogging,1555595966079000,-1.5897499322891235,5.008669853210449,0.5746083855628967
0,Jogging,1555595966279000,-2.518700122833252,13.081917762756348,17.219099044799805
0,Jogging,1555595966479000,4.1180267333984375,-0.8427590131759644,2.1739351749420166
0,Jogging,1555595966680000,6.282385349273682,3.5721490383148193,3.0550012588500977
0,Jogging,1555595966879000,-0.08619125932455063,6.818686485290527,3.3710360527038574
0,Jogging,1555595967080000,-4.280832767486572,4.683058738708496,2.719813108444214
0,Jogging,1555595967280000,3.600879430770874,1.8483237028121948,9.308655738830566
0,Jogging,1555595967480000,4.865017890930176,-1.3024457693099976,-2.1930887699127197
0,Jogging,1555595967683000,-0.9097966551780701,7.65186882019043,11.875240325927734
0,Jogging,1555595967880000,-3.5625722408294678,3.2752678394317627,0.5171475410461426
0,Jogging,1555595968079000,2.078166961669922,4.692635536193848,15.897499084472656
0,Jogging,1555595968279000,5.468356609344482,-1.9057846069335938,-1.0534487962722778
0,Jogging,1555595968480000,4.07014274597168,8.89685344696045,26.288333892822266
0,Jogging,1555595968681000,-2.4899697303771973,4.491522312164307,3.2082302570343018
0,Jogging,1555595968879000,5.985504150390625,8.705317497253418,32.427066802978516
0,Jogging,1555595969079000,5.746084213256836,-2.873042106628418,1.3982137441635132
0,Jogging,1555595969283000,7.048529624938965,10.812214851379395,25.684995651245117
0,Jogging,1555595969479000,-4.797980308532715,3.821146011352539,2.6815059185028076
0,Jogging,1555595969680000,-11.54005241394043,15.73469352722168,13.474567413330078
0,Jogging,1555595969879000,5.602431774139404,-2.183511972427368,2.499546527862549
0,Jogging,1555595970080000,2.518700122833252,11.367670059204102,18.89504051208496
0,Jogging,1555595970279000,-3.160346269607544,5.07570743560791,1.5514427423477173
0,Jogging,1555595970480000,-3.160346269607544,11.204863548278809,15.351621627807617
0,Jogging,1555595970680000,3.112462282180786,0.5267243981361389,2.097320795059204
0,Jogging,1555595970878000,5.20978307723999,3.485957622528076,4.5394062995910645
0,Jogging,1555595971079000,-0.689530074596405,6.8378400802612305,-2.078166961669922
0,Jogging,1555595971279000,-3.5434184074401855,5.822698593139648,7.939172744750977
0,Jogging,1555595971479000,4.165910720825195,1.8100165128707886,6.129156112670898
0,Jogging,1555595971681000,4.999093055725098,-1.4748282432556152,-2.63362193107605
0,Jogging,1555595971879000,-0.3064578175544739,7.843404769897461,6.751648902893066
0,Jogging,1555595972082000,-5.276820659637451,4.759673118591309,2.279279947280884
0,Jogging,1555595972278000,6.349422931671143,3.667917013168335,8.954314231872559
0,Jogging,1555595972480000,4.213795185089111,-2.518700122833252,-2.9305028915405273
0,Jogging,1555595972680000,0.7948749661445618,8.20732307434082,15.658079147338867
0,Jogging,1555595972879000,-4.146757125854492,2.9879636764526367,1.015141487121582
0,Jogging,1555595973079000,4.577713489532471,6.378153324127197,23.31952476501465
0,Jogging,1555595973279000,4.759673118591309,-2.7676970958709717,0.24899697303771973
0,Jogging,1555595973479000,10.649409294128418,11.683704376220703,25.617958068847656
0,Jogging,1555595973679000,-3.2752678394317627,4.414907932281494,2.8155810832977295
0,Jogging,1555595973879000,2.1068975925445557,12.258312225341797,22.42888069152832
0,Jogging,1555595974079000,4.395754337310791,-3.1699230670928955,3.533841609954834
0,Jogging,1555595974278000,5.985504150390625,9.806650161743164,18.330007553100586
0,Jogging,1555595974479000,-1.4460978507995605,4.414907932281494,3.648763418197632
0,Jogging,1555595974678000,-5.161899089813232,11.587936401367188,13.522451400756836
0,Jogging,1555595974879000,3.9647979736328125,-2.212242364883423,1.37906014919281
0,Jogging,1555595975080000,6.502651691436768,1.7621324062347412,10.572794914245605
0,Jogging,1555595975279000,0.3064578175544739,5.458779811859131,-1.1971008777618408
0,Jogging,1555595975479000,-2.652775526046753,7.2113356590271,14.958971977233887
0,Jogging,1555595975680000,4.194641590118408,-0.7852981686592102,3.9169139862060547
0,Jogging,1555595975879000,6.186617374420166,-1.647210717201233,9.404424667358398
0,Jogging,1555595976078000,-1.1204863786697388,6.3302693367004395,4.175487995147705
0,Jogging,1555595976278000,-3.428496837615967,5.324704647064209,9.911994934082031
0,Jogging,1555595976480000,5.114014625549316,1.800439715385437,9.030928611755371
0,Jogging,1555595976679000,4.20421838760376,-0.47884035110473633,-3.6104562282562256
0,Jogging,1555595976879000,1.7525556087493896,8.810662269592285,9.730035781860352
0,Jogging,1555595977079000,-5.257667064666748,3.514688014984131,3.332728862762451
0,Jogging,1555595977278000,3.8786067962646484,5.861005783081055,14.97812557220459
0,Jogging,1555595977480000,5.276820659637451,-2.63362193107605,-1.3982137441635132
0,Jogging,1555595977679000,5.937620162963867,9.84495735168457,26.25960350036621
0,Jogging,1555595977879000,-3.600879430770874,4.721365928649902,2.3271639347076416
0,Jogging,1555595978079000,7.1251444816589355,9.174580574035645,33.097442626953125
0,Jogging,1555595978279000,5.430049419403076,-4.07014274597168,1.9249382019042969
0,Jogging,1555595978479000,5.841852188110352,12.459425926208496,16.99883270263672
0,Jogging,1555595978680000,-3.4763808250427246,4.8267107009887695,2.7964274883270264
0,Jogging,1555595978879000,-3.1699230670928955,12.114660263061523,18.013973236083984
0,Jogging,1555595979079000,4.271255970001221,-2.2218191623687744,1.4269442558288574
0,Jogging,1555595979279000,5.899312973022461,9.528923034667969,14.403517723083496
0,Jogging,1555595979479000,-2.212242364883423,2.9975404739379883,0.14365209639072418
0,Jogging,1555595979679000,-6.45476770401001,12.90953540802002,15.409082412719727
0,Jogging,1555595979878000,4.175487995147705,-1.9057846069335938,3.2848446369171143
0,Jogging,1555595980079000,6.5696892738342285,0.7182605266571045,13.781024932861328
0,Jogging,1555595980279000,-1.1875240802764893,5.793968200683594,2.7772738933563232
0,Jogging,1555595980480000,-6.301538944244385,6.722918510437012,6.042964935302734
0,Jogging,1555595980679000,2.959233283996582,1.1971008777618408,5.95677375793457
0,Jogging,1555595980880000,5.295974254608154,-1.6089035272598267,-2.4133553504943848
0,Jogging,1555595981080000,1.8483237028121948,7.95832633972168,12.200851440429688
0,Jogging,1555595981279000,-4.865017890930176,5.056553840637207,-0.6512228846549988
0,Jogging,1555595981479000,1.6280571222305298,4.76924991607666,14.4226713180542
0,Jogging,1555595981679000,4.9799394607543945,-2.4420857429504395,-2.31758713722229
0,Jogging,1555595981879000,1.4269442558288574,10.72602367401123,23.69301986694336
0,Jogging,1555595982080000,-5.305551052093506,4.127603530883789,0.20111294090747833
0,Jogging,1555595982278000,3.485957622528076,7.536946773529053,29.850906372070312
0,Jogging,1555595982480000,6.282385349273682,-3.955221176147461,-2.0590133666992188
0,Jogging,1555595982680000,5.9088897705078125,11.990161895751953,32.178070068359375
0,Jogging,1555595982879000,-4.462791919708252,4.577713489532471,1.9919757843017578
0,Jogging,1555595983080000,-2.6240451335906982,13.771448135375977,28.500577926635742
0,Jogging,1555595983279000,6.167463779449463,-3.361459255218506,1.9728221893310547
0,Jogging,1555595983479000,1.1300631761550903,12.411541938781738,10.917559623718262
0,Jogging,1555595983680000,-1.1492167711257935,5.037400245666504,1.3120225667953491
0,Jogging,1555595983879000,-5.717353820800781,15.064316749572754,15.744270324707031
0,Jogging,1555595984079000,4.970362663269043,-2.8155810832977295,2.959233283996582
0,Jogging,1555595984281000,8.437167167663574,3.706224203109741,12.105083465576172
0,Jogging,1555595984479000,-0.8523358106613159,5.975927352905273,1.9632453918457031
0,Jogging,1555595984680000,-2.31758713722229,7.307103633880615,6.981492042541504
0,Jogging,1555595984880000,4.797980308532715,0.14365209639072418,5.717353820800781
0,Jogging,1555595985080000,4.970362663269043,-2.3271639347076416,-3.533841609954834
0,Jogging,1555595985279000,2.652775526046753,8.360552787780762,11.942277908325195
0,Jogging,1555595985479000,-5.468356609344482,4.261679172515869,0.14365209639072418
0,Jogging,1555595985680000,4.089296340942383,5.056553840637207,16.29014778137207
0,Jogging,1555595985879000,4.683058738708496,-2.7964274883270264,-0.10534487664699554
0,Jogging,1555595986079000,7.01979923248291,8.379706382751465,30.39678382873535
0,Jogging,1555595986278000,-5.219359874725342,5.4013190269470215,2.5282769203186035
0,Jogging,1555595986479000,8.236053466796875,8.638279914855957,32.3504524230957
0,Jogging,1555595986680000,5.726930618286133,-3.399766445159912,-1.2832920551300049
0,Jogging,1555595986879000,12.804190635681152,6.856993675231934,37.82838821411133
0,Jogging,1555595987079000,-5.018246650695801,5.3342814445495605,1.37906014919281
0,Jogging,1555595987279000,-6.119579315185547,12.919112205505371,23.38656234741211
0,Jogging,1555595987478000,5.468356609344482,-2.212242364883423,1.158793568611145
0,Jogging,1555595987680000,10.046070098876953,3.093308687210083,11.070788383483887
0,Jogging,1555595987879000,-1.867477297782898,5.3342814445495605,2.451662540435791
0,Jogging,1555595988079000,-3.0837318897247314,11.827356338500977,15.10262393951416
0,Jogging,1555595988278000,5.525817394256592,-1.7525556087493896,4.271255970001221
0,Jogging,1555595988479000,12.191274642944336,0.3926490843296051,9.53849983215332
0,Jogging,1555595988679000,-1.50355863571167,3.706224203109741,6.502651691436768
0,Jogging,1555595988879000,-1.2066776752471924,8.829815864562988,13.30218505859375
0,Jogging,1555595989079000,2.920926094055176,-1.1492167711257935,4.999093055725098
0,Jogging,1555595989279000,9.35654067993164,-3.936067581176758,-0.028730420395731926
0,Jogging,1555595989479000,0.4884171485900879,5.612008571624756,8.293514251708984
0,Jogging,1555595989679000,-4.702212333679199,5.736507415771484,1.3407529592514038
0,Jogging,1555595989878000,4.568136692047119,1.1300631761550903,10.017339706420898
0,Jogging,1555595990079000,5.228936672210693,-3.2561142444610596,-3.1699230670928955
0,Jogging,1555595990280000,2.585737943649292,8.465897560119629,23.81751823425293
0,Jogging,1555595990479000,-4.424484729766846,6.090848922729492,-1.235408067703247
0,Jogging,1555595990682000,7.910442352294922,7.240066051483154,25.34023094177246
0,Jogging,1555595990878000,5.621585369110107,-3.4763808250427246,1.0438719987869263
0,Jogging,1555595991079000,7.795520782470703,7.881711959838867,33.43263244628906
0,Jogging,1555595991278000,-4.089296340942383,5.037400245666504,3.045424461364746
0,Jogging,1555595991479000,0.09576806426048279,15.409082412719727,27.064056396484375
0,Jogging,1555595991678000,5.286397457122803,-2.4899697303771973,2.4229321479797363
0,Jogging,1555595991879000,1.235408067703247,10.017339706420898,13.685256958007812
0,Jogging,1555595992079000,0.4596867263317108,3.869029998779297,2.6240451335906982
0,Jogging,1555595992278000,-2.892195701599121,6.167463779449463,9.069235801696777
0,Jogging,1555595992479000,1.8291701078414917,3.8498764038085938,7.603984832763672
0,Jogging,1555595992679000,3.2752678394317627,1.6280571222305298,2.9975404739379883
0,Walking,1555596018181000,-2.365471363067627,4.060565948486328,10.247182846069336
0,Walking,1555596018379000,-0.009576806798577309,3.294421434402466,8.398859977722168
0,Walking,1555596018578000,1.886630892753601,4.7405195236206055,5.966350555419922
0,Walking,1555596018778000,1.1971008777618408,2.6431987285614014,15.284584045410156
0,Walking,1555596018979000,1.656787633895874,2.959233283996582,3.801992416381836
0,Walking,1555596019179000,0.3064578175544739,5.0469770431518555,10.304644584655762
0,Walking,1555596019379000,1.723825216293335,1.7046716213226318,15.763423919677734
0,Walking,1555596019580000,1.235408067703247,2.365471363067627,6.981492042541504
0,Walking,1555596019779000,2.126051187515259,4.108449935913086,5.353435039520264
0,Walking,1555596019979000,5.4013190269470215,3.9456443786621094,14.709975242614746
0,Walking,1555596020180000,2.0685901641845703,3.3039982318878174,5.171475887298584
0,Walking,1555596020379000,0.545877993106842,5.094861030578613,9.84495735168457
0,Walking,1555596020578000,2.1164743900299072,4.711789131164551,14.79616641998291
0,Walking,1555596020779000,1.3407529592514038,2.9496564865112305,8.858546257019043
0,Walking,1555596020980000,2.3558945655822754,4.165910720825195,4.702212333679199
0,Walking,1555596021178000,5.190629482269287,4.261679172515869,12.36365795135498
0,Walking,1555596021378000,3.4189200401306152,3.3039982318878174,4.836287498474121
0,Walking,1555596021579000,1.580173134803772,4.692635536193848,9.155426979064941
0,Walking,1555596021779000,3.399766445159912,5.70777702331543,15.926229476928711
0,Walking,1555596021978000,1.37906014919281,3.3710360527038574,8.695740699768066
0,Walking,1555596022183000,2.892195701599121,3.8498764038085938,4.280832767486572
0,Walking,1555596022379000,4.616020679473877,4.5394062995910645,7.134721279144287
0,Walking,1555596022579000,3.7924153804779053,3.3039982318878174,6.732495307922363
0,Walking,1555596022778000,1.216254472732544,4.443638324737549,8.20732307434082
0,Walking,1555596022980000,1.2258312702178955,5.525817394256592,12.133813858032227
0,Walking,1555596023180000,1.4652514457702637,3.7253777980804443,8.188169479370117
0,Walking,1555596023379000,2.738966703414917,3.3423056602478027,4.242525577545166
0,Walking,1555596023579000,2.8347349166870117,5.592854976654053,7.029376029968262
0,Walking,1555596023778000,4.376600742340088,3.0358476638793945,9.768342971801758
0,Walking,1555596023980000,1.7717092037200928,3.9456443786621094,6.751648902893066
0,Walking,1555596024179000,0.8331822156906128,6.368576526641846,11.568782806396484
0,Walking,1555596024385000,0.7182605266571045,3.485957622528076,6.234501361846924
0,Walking,1555596024579000,1.6950948238372803,2.3080103397369385,4.989516258239746
0,Walking,1555596024778000,4.520252704620361,5.200206279754639,7.354987621307373
0,Walking,1555596024980000,3.773261785507202,3.246537446975708,10.745177268981934
0,Walking,1555596025180000,1.3407529592514038,4.185064792633057,6.138733386993408
0,Walking,1555596025379000,1.9249382019042969,5.200206279754639,11.224017143249512
0,Walking,1555596025580000,0.7948749661445618,2.518700122833252,7.038952827453613
0,Walking,1555596025779000,2.9305028915405273,2.873042106628418,6.244078159332275
0,Walking,1555596025979000,4.137180328369141,4.836287498474121,7.354987621307373
0,Walking,1555596026180000,0.7565677165985107,2.298433542251587,11.291055679321289
0,Walking,1555596026380000,1.1971008777618408,3.7158010005950928,5.65031623840332
0,Walking,1555596026578000,1.5897499322891235,5.123591423034668,10.400412559509277
0,Walking,1555596026778000,0.9193734526634216,2.1068975925445557,9.710882186889648
0,Walking,1555596026979000,2.5953147411346436,3.2561142444610596,7.489062786102295
0,Walking,1555596027179000,3.026270866394043,4.845864295959473,6.636727333068848
0,Walking,1555596027379000,2.738966703414917,1.599326729774475,12.919112205505371
0,Walking,1555596027580000,1.5131354331970215,4.031835556030273,5.774814605712891
0,Walking,1555596027779000,1.6855180263519287,4.912901878356934,10.438719749450684
0,Walking,1555596027980000,0.6512228846549988,1.5610195398330688,9.931148529052734
0,Walking,1555596028180000,2.1356279850006104,2.346317768096924,7.738059997558594
0,Walking,1555596028380000,3.2561142444610596,4.797980308532715,6.167463779449463
0,Walking,1555596028580000,4.989516258239746,1.8100165128707886,13.886369705200195
0,Walking,1555596028779000,2.0877439975738525,2.75812029838562,5.51624059677124
0,Walking,1555596028980000,2.3080103397369385,4.261679172515869,10.524910926818848
0,Walking,1555596029180000,3.399766445159912,2.5091233253479004,13.982137680053711
0,Walking,1555596029378000,1.8195933103561401,2.671929121017456,8.810662269592285
0,Walking,1555596029580000,3.0358476638793945,4.175487995147705,5.305551052093506
0,Walking,1555596029779000,7.450755596160889,3.801992416381836,15.016432762145996
0,Walking,1555596029980000,2.030282974243164,3.8307228088378906,3.1507694721221924
0,Walking,1555596030180000,2.0398597717285156,4.778826713562012,9.825803756713867
0,Walking,1555596030378000,5.200206279754639,2.940079689025879,14.43224811553955
0,Walking,1555596030580000,3.332728862762451,3.026270866394043,9.040505409240723
0,Walking,1555596030778000,2.078166961669922,4.596867084503174,5.114014625549316
0,Walking,1555596030980000,5.822698593139648,2.75812029838562,14.384364128112793
0,Walking,1555596031180000,2.8347349166870117,2.6815059185028076,5.1331682205200195
0,Walking,1555596031379000,2.1930887699127197,4.01268196105957,9.375694274902344
0,Walking,1555596031579000,2.4133553504943848,4.213795185089111,12.02846908569336
0,Walking,1555596031780000,2.7102363109588623,1.8579005002975464,8.89685344696045
0,Walking,1555596031980000,2.3080103397369385,3.294421434402466,5.420472621917725
0,Walking,1555596032179000,5.506663799285889,5.295974254608154,11.310209274291992
0,Walking,1555596032381000,5.066130638122559,1.9057846069335938,9.797073364257812
0,Walking,1555596032580000,2.5474305152893066,3.7636849880218506,5.813121795654297
0,Walking,1555596032779000,0.4884171485900879,6.761225700378418,11.779472351074219
0,Walking,1555596032980000,0.0,2.2218191623687744,7.632715225219727
0,Walking,1555596033179000,2.2026655673980713,2.3271639347076416,5.506663799285889
0,Walking,1555596033379000,3.2752678394317627,4.788403511047363,7.843404769897461
0,Walking,1555596033579000,2.5953147411346436,1.8962076902389526,12.258312225341797
0,Walking,1555596033779000,0.7661445140838623,3.7158010005950928,6.186617374420166
0,Walking,1555596033979000,0.4213795065879822,4.702212333679199,11.262324333190918
0,Walking,1555596034180000,0.2298433631658554,1.8770540952682495,10.314221382141113
0,Walking,1555596034379000,1.7621324062347412,2.365471363067627,7.010222434997559
0,Walking,1555596034579000,3.3231520652770996,4.424484729766846,7.259219646453857
0,Walking,1555596034779000,0.45010992884635925,0.3447650372982025,12.995726585388184
0,Walking,1555596034979000,0.6607996821403503,2.279279947280884,7.910442352294922
0,Walking,1555596035179000,1.886630892753601,4.146757125854492,10.65898609161377
0,Walking,1555596035378000,1.0534487962722778,1.2641384601593018,11.21444034576416
0,Walking,1555596035579000,1.9153614044189453,2.231395959854126,7.01979923248291
0,Walking,1555596035778000,2.7293899059295654,3.7636849880218506,8.513781547546387
0,Walking,1555596035979000,1.6184803247451782,1.8387469053268433,7.220912456512451
0,Walking,1555596036179000,2.298433542251587,2.557007312774658,6.493074893951416
0,Walking,1555596036379000,1.8962076902389526,4.098873138427734,10.821791648864746
0,Walking,1555596036580000,1.522712230682373,2.250549554824829,7.508216381072998
0,Walking,1555596036778000,1.944091796875,2.8634653091430664,7.2113356590271
0,Walking,1555596036979000,3.246537446975708,4.165910720825195,8.006210327148438
0,Walking,1555596037179000,4.367023944854736,0.9864110946655273,11.961431503295898
0,Walking,1555596037380000,1.3407529592514038,3.5625722408294678,5.497087001800537
0,Walking,1555596037579000,2.4229321479797363,4.577713489532471,11.501745223999023
0,Walking,1555596037779000,3.313575267791748,1.2258312702178955,11.693281173706055
0,Walking,1555596037980000,1.886630892753601,2.959233283996582,6.042964935302734
0,Walking,1555596038179000,4.137180328369141,4.692635536193848,8.149862289428711
0,Walking,1555596038379000,5.449203014373779,2.1739351749420166,12.22000503540039
0,Walking,1555596038579000,2.7006595134735107,2.853888511657715,5.027823448181152
0,Walking,1555596038778000,3.8307228088378906,4.481945514678955,9.90241813659668
0,Walking,1555596038979000,3.869029998779297,3.1890766620635986,12.229581832885742
0,Walking,1555596039179000,3.1699230670928955,2.5761611461639404,7.929595947265625
0,Walking,1555596039380000,3.3710360527038574,4.252102375030518,6.234501361846924
0,Walking,1555596039579000,6.866570472717285,3.88818359375,9.21288776397705
0,Walking,1555596039779000,4.797980308532715,2.652775526046753,5.257667064666748
0,Walking,1555596039979000,2.9688100814819336,4.213795185089111,8.916007041931152
0,Walking,1555596040179000,4.654327869415283,4.022258758544922,11.48259162902832
0,Walking,1555596040378000,4.127603530883789,3.1028854846954346,7.450755596160889
0,Walking,1555596040579000,3.7445313930511475,3.6104562282562256,4.941632270812988
0,Walking,1555596040778000,3.840299606323242,5.027823448181152,8.226476669311523
0,Walking,1555596040978000,4.261679172515869,2.911349296569824,8.044517517089844
0,Walking,1555596041179000,3.0166940689086914,4.434061527252197,8.705317497253418
0,Walking,1555596041379000,2.75812029838562,5.315127849578857,11.15697956085205
0,Walking,1555596041579000,3.687070608139038,0.28730419278144836,10.046070098876953
0,Walking,1555596041779000,4.970362663269043,3.1220390796661377,5.544970989227295
0,Walking,1555596041979000,5.094861030578613,3.88818359375,8.868123054504395
0,Walking,1555596042180000,4.060565948486328,1.0342950820922852,11.54005241394043
0,Walking,1555596042379000,3.1890766620635986,3.7253777980804443,7.929595947265625
0,Walking,1555596042579000,3.265691041946411,3.8594532012939453,10.668562889099121
0,Walking,1555596042779000,4.912901878356934,2.3942017555236816,8.609549522399902
0,Walking,1555596042979000,3.7636849880218506,3.2178070545196533,4.4723687171936035
0,Walking,1555596043181000,5.228936672210693,3.332728862762451,9.126696586608887
0,Walking,1555596043378000,5.784391403198242,0.47884035110473633,9.41400146484375
0,Walking,1555596043579000,3.361459255218506,3.44765043258667,6.445190906524658
0,Walking,1555596043778000,5.353435039520264,4.501099109649658,11.492168426513672
0,Walking,1555596043979000,3.227383852005005,2.499546527862549,8.96389102935791
0,Walking,1555596044182000,3.093308687210083,2.8155810832977295,5.037400245666504
0,Walking,1555596044379000,6.349422931671143,2.5091233253479004,8.561665534973145
0,Walking,1555596044580000,4.788403511047363,0.12449848651885986,10.448296546936035
0,Walking,1555596044779000,3.5242648124694824,3.821146011352539,6.943184852600098
0,Walking,1555596044979000,4.807557106018066,3.5625722408294678,11.109095573425293
0,Walking,1555596045179000,2.7102363109588623,1.580173134803772,6.981492042541504
0,Walking,1555596045379000,4.185064792633057,2.7293899059295654,6.7708024978637695
0,Walking,1555596045579000,5.803544998168945,3.026270866394043,7.048529624938965
0,Walking,1555596045778000,4.970362663269043,-0.05746084079146385,11.41555404663086
0,Walking,1555596045978000,2.873042106628418,3.026270866394043,7.000645637512207
0,Walking,1555596046178000,3.6966474056243896,4.347870349884033,10.591948509216309
0,Walking,1555596046379000,3.0550012588500977,0.5937620401382446,11.425130844116211
0,Walking,1555596046580000,3.4093432426452637,2.0685901641845703,5.822698593139648
0,Walking,1555596046779000,4.424484729766846,5.286397457122803,4.683058738708496
0,Walking,1555596046979000,6.426037311553955,2.6240451335906982,12.78503704071045
0,Walking,1555596047179000,2.6144683361053467,4.999093055725098,4.654327869415283
0,Walking,1555596047380000,2.9688100814819336,4.8937482833862305,9.002198219299316
0,Walking,1555596047580000,4.989516258239746,2.959233283996582,11.779472351074219
0,Walking,1555596047779000,2.7676970958709717,2.557007312774658,7.3454108238220215
0,Walking,1555596047979000,4.127603530883789,5.382165431976318,6.27280855178833
0,Walking,1555596048179000,6.8378400802612305,4.242525577545166,12.765883445739746
0,Walking,1555596048380000,2.5282769203186035,3.5434184074401855,3.620033025741577
0,Walking,1555596048580000,2.183511972427368,5.2480902671813965,9.222464561462402
0,Walking,1555596048778000,2.164358377456665,2.231395959854126,11.999738693237305
0,Walking,1555596048979000,1.1109095811843872,2.9879636764526367,7.939172744750977
0,Walking,1555596049179000,3.294421434402466,4.261679172515869,7.134721279144287
0,Walking,1555596049380000,7.01979923248291,3.869029998779297,12.200851440429688
0,Walking,1555596049579000,4.730942726135254,3.3231520652770996,4.098873138427734
0,Walking,1555596049778000,1.7908629179000854,4.252102375030518,8.274360656738281
0,Walking,1555596049980000,3.5242648124694824,5.20978307723999,12.737153053283691
0,Walking,1555596050179000,3.533841609954834,4.1180267333984375,6.167463779449463
0,Walking,1555596050379000,3.112462282180786,3.3710360527038574,4.999093055725098
0,Walking,1555596050580000,5.57370138168335,4.644751071929932,8.312667846679688
0,Walking,1555596050779000,6.655880928039551,2.403778553009033,7.086836814880371
0,Walking,1555596050980000,1.6759412288665771,4.683058738708496,7.680599212646484
0,Walking,1555596051180000,4.108449935913086,6.004657745361328,11.405977249145508
0,Walking,1555596051378000,2.0015525817871094,2.652775526046753,6.473921298980713
0,Walking,1555596051580000,3.7445313930511475,3.4955344200134277,5.343858242034912
0,Walking,1555596051779000,5.65031623840332,4.7405195236206055,8.312667846679688
0,Walking,1555596051980000,3.7828385829925537,1.8291701078414917,10.113107681274414
0,Walking,1555596052179000,3.3039982318878174,4.4532151222229,6.071695327758789
0,Walking,1555596052380000,3.5242648124694824,5.439626216888428,10.007762908935547
0,Walking,1555596052578000,2.1164743900299072,2.557007312774658,9.375694274902344
0,Walking,1555596052779000,3.687070608139038,2.892195701599121,5.822698593139648
0,Walking,1555596052979000,5.066130638122559,4.558559894561768,6.952761650085449
0,Walking,1555596053180000,6.588842868804932,3.754108190536499,11.070788383483887
0,Walking,1555596053378000,2.6623523235321045,4.434061527252197,4.252102375030518
0,Walking,1555596053580000,3.246537446975708,5.286397457122803,10.515334129333496
0,Walking,1555596053778000,2.7485435009002686,2.9017724990844727,9.2033109664917
0,Walking,1555596053980000,3.294421434402466,3.0166940689086914,6.5696892738342285
0,Walking,1555596054180000,5.200206279754639,4.8267107009887695,6.617573261260986
0,Walking,1555596054379000,3.1220390796661377,0.07661445438861847,12.899958610534668
0,Walking,1555596054579000,2.5282769203186035,3.6966474056243896,6.349422931671143
0,Walking,1555596054778000,3.6583402156829834,4.8267107009887695,9.84495735168457
0,Walking,1555596054980000,2.126051187515259,1.9345149993896484,10.96544361114502
0,Walking,1555596055179000,2.8155810832977295,2.451662540435791,6.914454460144043
0,Walking,1555596055379000,4.807557106018066,4.8937482833862305,5.190629482269287
0,Walking,1555596055579000,3.4763808250427246,1.944091796875,11.769895553588867
0,Walking,1555596055778000,2.298433542251587,3.869029998779297,5.880159378051758
0,Walking,1555596055979000,3.160346269607544,5.238513469696045,9.701305389404297
0,Walking,1555596056180000,3.2082302570343018,1.6759412288665771,12.02846908569336
0,Walking,1555596056378000,2.806004285812378,2.4133553504943848,7.173028469085693
0,Walking,1555596056579000,4.376600742340088,4.663905143737793,4.721365928649902
0,Walking,1555596056778000,7.795520782470703,2.873042106628418,12.78503704071045
0,Walking,1555596056979000,3.380612850189209,3.773261785507202,3.993528366088867
0,Walking,1555596057179000,3.0358476638793945,4.9799394607543945,8.877699851989746
0,Walking,1555596057379000,6.349422931671143,4.127603530883789,13.42668342590332
0,Walking,1555596057579000,3.1220390796661377,3.141192674636841,7.287950038909912
0,Walking,1555596057778000,2.75812029838562,4.07014274597168,5.114014625549316
0,Walking,1555596057978000,9.117119789123535,3.0358476638793945,14.537592887878418
0,Walking,1555596058179000,4.759673118591309,3.600879430770874,2.2409727573394775
0,Walking,1555596058379000,2.719813108444214,4.95120906829834,7.422025203704834
0,Walking,1555596058579000,3.8115692138671875,5.870582580566406,10.247182846069336
0,Walking,1555596058780000,3.179499864578247,4.405331134796143,6.253654956817627
0,Walking,1555596058979000,3.064578056335449,3.7158010005950928,4.8937482833862305
0,Walking,1555596059180000,5.094861030578613,4.797980308532715,8.389283180236816
0,Walking,1555596059379000,5.698200225830078,2.719813108444214,8.96389102935791
0,Walking,1555596059578000,2.3942017555236816,4.1180267333984375,6.856993675231934
0,Walking,1555596059778000,2.0207061767578125,6.244078159332275,9.672574996948242
0,Walking,1555596059981000,2.6431987285614014,3.7158010005950928,8.465897560119629
0,Walking,1555596060179000,2.3271639347076416,2.7006595134735107,5.793968200683594
0,Walking,1555596060378000,3.600879430770874,5.219359874725342,10.649409294128418
0,Walking,1555596060579000,3.1220390796661377,2.346317768096924,10.860098838806152
0,Walking,1555596060779000,2.7964274883270264,4.089296340942383,4.395754337310791
0,Walking,1555596060979000,2.518700122833252,5.324704647064209,9.308655738830566
0,Walking,1555596061183000,1.867477297782898,3.485957622528076,9.519346237182617
0,Walking,1555596061380000,2.346317768096924,2.5282769203186035,6.89530086517334
0,Walking,1555596061579000,3.6104562282562256,4.347870349884033,7.843404769897461
0,Walking,1555596061779000,3.5913026332855225,0.6416460275650024,13.97256088256836
0,Walking,1555596061979000,2.145204782485962,3.07415509223938,4.434061527252197
0,Walking,1555596062179000,1.4844050407409668,4.845864295959473,7.843404769897461
0,Walking,1555596062380000,3.4572272300720215,1.5418659448623657,13.024456977844238
0,Walking,1555596062579000,2.3271639347076416,2.719813108444214,7.671022415161133
0,Walking,1555596062779000,3.6583402156829834,3.8786067962646484,6.914454460144043
0,Walking,1555596062979000,8.02536392211914,3.0358476638793945,12.54561710357666
0,Walking,1555596063179000,3.294421434402466,3.026270866394043,4.434061527252197
0,Walking,1555596063380000,3.112462282180786,4.299986362457275,9.586383819580078
0,Walking,1555596063579000,5.161899089813232,5.142745018005371,12.516886711120605
0,Walking,1555596063779000,3.5913026332855225,3.7636849880218506,7.7763671875
0,Walking,1555596063979000,2.518700122833252,4.003105163574219,3.8498764038085938
0,Walking,1555596064179000,5.449203014373779,5.57370138168335,11.137825965881348
0,Walking,1555596064379000,4.7405195236206055,3.2082302570343018,6.981492042541504
0,Walking,1555596064580000,2.078166961669922,5.008669853210449,7.709329605102539
0,Walking,1555596064779000,-0.06703764945268631,6.01423454284668,8.542511940002441
0,Walking,1555596064979000,-0.1628057211637497,4.098873138427734,7.412448406219482
0,Walking,1555596065180000,0.45010992884635925,4.357447147369385,7.8529815673828125
0,Walking,1555596065379000,-0.6607996821403503,5.985504150390625,9.548076629638672
0,Walking,1555596065579000,1.359906554222107,3.801992416381836,7.632715225219727
0,Walking,1555596065778000,-2.5761611461639404,5.219359874725342,5.525817394256592
0,Downstairs,1555596386599000,0.5841852426528931,6.167463779449463,7.048529624938965
0,Downstairs,1555596386798000,-0.363918662071228,4.357447147369385,4.797980308532715
0,Downstairs,1555596387000000,0.23942017555236816,6.818686485290527,8.89685344696045
0,Downstairs,1555596387199000,0.5650315880775452,4.6734819412231445,11.731588363647461
0,Downstairs,1555596387399000,1.0534487962722778,3.3710360527038574,4.213795185089111
0,Downstairs,1555596387599000,0.3256114423274994,5.583278179168701,10.160991668701172
0,Downstairs,1555596387800000,3.6583402156829834,4.941632270812988,6.703764915466309
0,Downstairs,1555596388000000,1.4939818382263184,2.75812029838562,6.291962146759033
0,Downstairs,1555596388201000,2.250549554824829,6.655880928039551,9.59596061706543
0,Downstairs,1555596388400000,1.1013327836990356,4.845864295959473,6.675034523010254
0,Downstairs,1555596388601000,1.6376339197158813,3.399766445159912,4.529829502105713
0,Downstairs,1555596388799000,4.501099109649658,6.742072105407715,15.447389602661133
0,Downstairs,1555596389000000,1.359906554222107,4.089296340942383,4.750096321105957
0,Downstairs,1555596389199000,1.1492167711257935,8.916007041931152,11.951854705810547
0,Downstairs,1555596389400000,0.9002198576927185,3.466804027557373,4.223371982574463
0,Downstairs,1555596389600000,0.3447650372982025,7.048529624938965,4.299986362457275
0,Downstairs,1555596389801000,1.647210717201233,1.6759412288665771,11.185709953308105
0,Downstairs,1555596390000000,1.656787633895874,2.2218191623687744,5.765237808227539
0,Downstairs,1555596390199000,2.2697031497955322,4.376600742340088,12.22000503540039
0,Downstairs,1555596390400000,0.7661445140838623,4.031835556030273,3.869029998779297
0,Downstairs,1555596390600000,7.163451671600342,2.557007312774658,22.524648666381836
0,Downstairs,1555596390800000,3.840299606323242,2.7102363109588623,1.0342950820922852
0,Downstairs,1555596391000000,1.7812861204147339,9.327810287475586,10.41956615447998
0,Downstairs,1555596391199000,1.1779472827911377,2.499546527862549,8.916007041931152
0,Downstairs,1555596391401000,1.216254472732544,7.4316020011901855,3.773261785507202
0,Downstairs,1555596391599000,3.8115692138671875,2.1164743900299072,13.350069046020508
0,Downstairs,1555596391800000,4.730942726135254,3.1507694721221924,5.870582580566406
0,Downstairs,1555596392001000,3.8307228088378906,4.175487995147705,8.59997272491455
0,Downstairs,1555596392201000,5.018246650695801,3.7445313930511475,10.764330863952637
0,Downstairs,1555596392400000,1.1971008777618408,3.821146011352539,5.679046630859375
0,Downstairs,1555596392599000,1.3503297567367554,3.0358476638793945,9.567230224609375
0,Downstairs,1555596392800000,1.4077905416488647,2.8347349166870117,7.029376029968262
0,Downstairs,1555596393001000,1.6855180263519287,2.9017724990844727,5.372588634490967
0,Downstairs,1555596393200000,3.2369606494903564,2.403778553009033,15.954959869384766
0,Downstairs,1555596393400000,1.5418659448623657,0.7469909191131592,6.914454460144043
0,Downstairs,1555596393600000,3.7636849880218506,-0.08619125932455063,15.255853652954102
0,Downstairs,1555596393800000,1.5705963373184204,3.5242648124694824,4.223371982574463
0,Downstairs,1555596394000000,-1.158793568611145,1.656787633895874,12.928689002990723
0,Downstairs,1555596394201000,-2.652775526046753,8.887276649475098,8.695740699768066
0,Downstairs,1555596394399000,2.9496564865112305,2.3271639347076416,4.912901878356934
0,Downstairs,1555596394600000,-0.5171475410461426,9.988609313964844,7.556100368499756
0,Downstairs,1555596394800000,-0.038307227194309235,2.63362193107605,6.320692539215088
0,Downstairs,1555596395000000,1.2066776752471924,5.037400245666504,8.303091049194336
0,Downstairs,1555596395200000,1.4077905416488647,1.2545616626739502,8.571242332458496
0,Downstairs,1555596395400000,-0.28730419278144836,4.817133903503418,4.8937482833862305
0,Downstairs,1555596395601000,2.1739351749420166,1.800439715385437,14.623784065246582
0,Downstairs,1555596395800000,1.139639973640442,4.759673118591309,6.387730121612549
0,Downstairs,1555596396001000,4.999093055725098,0.7757213711738586,13.618219375610352
0,Downstairs,1555596396200000,2.7102363109588623,2.8826189041137695,5.200206279754639
0,Downstairs,1555596396400000,4.2329487800598145,4.970362663269043,9.337387084960938
0,Downstairs,1555596396600000,4.175487995147705,2.7102363109588623,8.628703117370605
0,Downstairs,1555596396800000,2.978386878967285,3.773261785507202,7.948749542236328
0,Downstairs,1555596396999000,2.8155810832977295,4.3861775398254395,8.513781547546387
0,Downstairs,1555596397200000,-0.3064578175544739,3.514688014984131,6.703764915466309
0,Downstairs,1555596397400000,1.359906554222107,2.097320795059204,9.241618156433105
0,Downstairs,1555596397601000,2.6623523235321045,2.164358377456665,7.0772600173950195
0,Downstairs,1555596397800000,0.507570743560791,4.663905143737793,5.928043365478516
0,Downstairs,1555596398000000,4.434061527252197,1.7334020137786865,17.12333106994629
0,Downstairs,1555596398201000,3.4572272300720215,2.011129379272461,4.194641590118408
0,Downstairs,1555596398400000,1.436521053314209,0.4405331015586853,11.070788383483887
0,Downstairs,1555596398600000,0.689530074596405,2.75812029838562,7.287950038909912
0,Downstairs,1555596398801000,1.0438719987869263,2.097320795059204,16.021997451782227
0,Downstairs,1555596399000000,1.1683704853057861,1.4939818382263184,7.2783732414245605
0,Downstairs,1555596399199000,1.9632453918457031,1.235408067703247,7.096413612365723
0,Downstairs,1555596399399000,0.7374141216278076,8.073247909545898,6.751648902893066
0,Downstairs,1555596399600000,2.145204782485962,3.1028854846954346,8.523358345031738
0,Downstairs,1555596399799000,8.954314231872559,5.1331682205200195,14.144943237304688
0,Downstairs,1555596399999000,2.8826189041137695,2.7964274883270264,4.271255970001221
0,Downstairs,1555596400199000,0.0,4.922478675842285,12.880805015563965
0,Downstairs,1555596400399000,2.806004285812378,1.6855180263519287,7.489062786102295
0,Downstairs,1555596400599000,5.640739440917969,5.324704647064209,13.062764167785645
0,Downstairs,1555596400799000,1.2449848651885986,5.65031623840332,7.33583402633667
0,Downstairs,1555596400999000,2.250549554824829,2.4803929328918457,13.589488983154297
0,Downstairs,1555596401201000,1.9249382019042969,2.7676970958709717,4.616020679473877
0,Downstairs,1555596401400000,3.9169139862060547,3.026270866394043,13.263877868652344
0,Downstairs,1555596401600000,-0.12449848651885986,2.63362193107605,5.114014625549316
0,Downstairs,1555596401800000,1.3024457693099976,2.7485435009002686,7.307103633880615
0,Downstairs,1555596402000000,2.75812029838562,2.4229321479797363,8.676587104797363
0,Downstairs,1555596402200000,4.060565948486328,3.2561142444610596,10.649409294128418
0,Downstairs,1555596402400000,1.7908629179000854,3.7924153804779053,9.241618156433105
0,Downstairs,1555596402599000,2.2409727573394775,2.7102363109588623,7.910442352294922
0,Downstairs,1555596402799000,2.9688100814819336,1.9345149993896484,7.805097579956055
0,Downstairs,1555596402999000,2.126051187515259,3.179499864578247,10.620678901672363
0,Downstairs,1555596403199000,0.9672574996948242,4.577713489532471,5.621585369110107
0,Downstairs,1555596403399000,0.28730419278144836,3.7636849880218506,11.990161895751953
0,Downstairs,1555596403599000,0.4692635238170624,4.989516258239746,8.542511940002441
0,Downstairs,1555596403799000,1.6184803247451782,4.003105163574219,5.477933406829834
0,Downstairs,1555596403998000,-0.49799394607543945,7.182605266571045,8.044517517089844
0,Downstairs,1555596404199000,1.1204863786697388,3.44765043258667,9.241618156433105
0,Downstairs,1555596404400000,4.185064792633057,6.2632317543029785,10.256759643554688
0,Downstairs,1555596404598000,3.294421434402466,2.6815059185028076,4.271255970001221
0,Downstairs,1555596404799000,1.9153614044189453,2.8155810832977295,14.231135368347168
0,Downstairs,1555596405001000,1.9536685943603516,0.4405331015586853,5.70777702331543
0,Downstairs,1555596405199000,5.219359874725342,3.840299606323242,12.325350761413574
0,Downstairs,1555596405399000,1.235408067703247,5.51624059677124,6.215347766876221
0,Downstairs,1555596405600000,4.434061527252197,1.6280571222305298,18.282123565673828
0,Downstairs,1555596405799000,1.4173674583435059,3.265691041946411,5.315127849578857
0,Downstairs,1555596406000000,8.015787124633789,4.3861775398254395,14.09705924987793
0,Downstairs,1555596406200000,4.596867084503174,1.1971008777618408,9.375694274902344
0,Downstairs,1555596406401000,3.869029998779297,3.2848446369171143,7.757213592529297
0,Downstairs,1555596406600000,6.224924564361572,2.432508945465088,8.178592681884766
0,Downstairs,1555596406799000,3.2848446369171143,3.8786067962646484,10.342951774597168
0,Downstairs,1555596407000000,3.821146011352539,3.9456443786621094,10.496180534362793
0,Downstairs,1555596407200000,1.9249382019042969,4.098873138427734,6.809109687805176
0,Downstairs,1555596407400000,5.861005783081055,1.723825216293335,6.675034523010254
0,Downstairs,1555596407600000,3.112462282180786,2.873042106628418,6.828263282775879
0,Downstairs,1555596407800000,2.183511972427368,5.2480902671813965,7.067683219909668
0,Downstairs,1555596408000000,4.606443881988525,2.719813108444214,15.418659210205078
0,Downstairs,1555596408200000,2.940079689025879,1.7334020137786865,4.654327869415283
0,Downstairs,1555596408399000,10.314221382141113,3.160346269607544,12.966996192932129
0,Downstairs,1555596408600000,1.6376339197158813,3.620033025741577,1.9536685943603516
0,Downstairs,1555596408800000,0.5363011956214905,2.3080103397369385,15.418659210205078
0,Downstairs,1555596409000000,0.3256114423274994,3.6296098232269287,5.2480902671813965
0,Downstairs,1555596409200000,0.7948749661445618,1.2641384601593018,9.050082206726074
0,Downstairs,1555596409401000,-1.0247182846069336,6.349422931671143,4.271255970001221
0,Downstairs,1555596409599000,0.49799394607543945,3.19865345954895,15.792154312133789
0,Downstairs,1555596409799000,0.4692635238170624,4.884171485900879,4.903325080871582
0,Downstairs,1555596410000000,0.8427590131759644,2.7293899059295654,7.603984832763672
0,Downstairs,1555596410200000,-1.1971008777618408,6.493074893951416,3.8498764038085938
0,Downstairs,1555596410400000,-0.6224924325942993,2.5091233253479004,14.470555305480957
0,Downstairs,1555596410600000,0.8044517636299133,5.382165431976318,4.146757125854492
0,Downstairs,1555596410799000,3.44765043258667,6.464344501495361,7.8529815673828125
0,Downstairs,1555596411000000,3.112462282180786,6.761225700378418,2.9879636764526367
0,Downstairs,1555596411200000,3.8786067962646484,9.500192642211914,9.385271072387695
0,Downstairs,1555596411400000,0.047884032130241394,2.9975404739379883,2.6240451335906982
0,Downstairs,1555596411603000,5.372588634490967,2.920926094055176,13.110648155212402
0,Downstairs,1555596411800000,2.1930887699127197,3.6391866207122803,4.788403511047363
0,Downstairs,1555596412000000,2.298433542251587,3.332728862762451,9.988609313964844
0,Downstairs,1555596412202000,3.6583402156829834,4.644751071929932,7.603984832763672
0,Downstairs,1555596412400000,4.434061527252197,4.788403511047363,5.726930618286133
0,Downstairs,1555596412600000,4.01268196105957,2.470816135406494,10.764330863952637
0,Downstairs,1555596412799000,3.0550012588500977,2.5474305152893066,6.100425720214844
0,Downstairs,1555596413000000,2.4133553504943848,2.892195701599121,7.489062786102295
0,Downstairs,1555596413200000,4.730942726135254,2.7293899059295654,8.96389102935791
0,Downstairs,1555596413399000,7.134721279144287,2.8443117141723633,10.879252433776855
0,Downstairs,1555596413600000,3.2369606494903564,3.5051112174987793,5.1810526847839355
0,Downstairs,1555596413799000,3.265691041946411,5.726930618286133,11.27190113067627
0,Downstairs,1555596413999000,1.7046716213226318,1.9728221893310547,7.8529815673828125
0,Downstairs,1555596414200000,1.723825216293335,1.015141487121582,7.987056732177734
0,Downstairs,1555596414401000,0.8236053586006165,9.720458984375,3.7924153804779053
0,Downstairs,1555596414600000,4.098873138427734,2.4229321479797363,12.526463508605957
0,Downstairs,1555596414800000,-0.17238251864910126,7.220912456512451,6.876147270202637
0,Downstairs,1555596415000000,1.0821791887283325,2.3080103397369385,5.583278179168701
0,Downstairs,1555596415199000,-3.0837318897247314,9.816226959228516,4.529829502105713
0,Downstairs,1555596415400000,-0.20111294090747833,0.689530074596405,14.537592887878418
0,Downstairs,1555596415600000,-1.1109095811843872,7.307103633880615,4.185064792633057
0,Downstairs,1555596415800000,1.4173674583435059,3.5051112174987793,8.427590370178223
0,Downstairs,1555596416000000,0.31603461503982544,7.422025203704834,7.268796443939209
0,Downstairs,1555596416200000,0.7852981686592102,0.8331822156906128,11.942277908325195
0,Downstairs,1555596416399000,2.0877439975738525,5.9088897705078125,6.464344501495361
0,Downstairs,1555596416599000,3.313575267791748,3.2369606494903564,11.281478881835938
0,Downstairs,1555596416799000,2.9305028915405273,2.030282974243164,8.944737434387207
0,Downstairs,1555596417000000,3.706224203109741,3.3710360527038574,8.006210327148438
0,Downstairs,1555596417200000,5.736507415771484,3.112462282180786,7.479485988616943
0,Downstairs,1555596417401000,4.759673118591309,3.2561142444610596,9.21288776397705
0,Downstairs,1555596417599000,4.711789131164551,4.01268196105957,8.810662269592285
0,Downstairs,1555596417800000,3.734954595565796,2.5091233253479004,8.83939266204834
0,Downstairs,1555596417999000,5.822698593139648,2.5091233253479004,8.370129585266113
0,Downstairs,1555596418199000,3.9169139862060547,2.4133553504943848,6.004657745361328
0,Downstairs,1555596418399000,3.0837318897247314,2.786850690841675,5.717353820800781
0,Downstairs,1555596418600000,4.367023944854736,5.602431774139404,11.195286750793457
0,Downstairs,1555596418800000,2.738966703414917,1.1204863786697388,3.7636849880218506
0,Downstairs,1555596419000000,4.127603530883789,1.800439715385437,10.630255699157715
0,Downstairs,1555596419200000,0.2585737705230713,5.880159378051758,6.1770405769348145
0,Downstairs,1555596419403000,0.8619126081466675,2.853888511657715,9.710882186889648
0,Downstairs,1555596419601000,3.07415509223938,4.663905143737793,9.27034854888916
0,Downstairs,1555596419799000,2.145204782485962,2.9975404739379883,4.874594688415527
0,Downstairs,1555596419999000,2.8155810832977295,8.753201484680176,8.53293514251709
0,Downstairs,1555596420199000,3.667917013168335,1.8579005002975464,10.103530883789062
0,Downstairs,1555596420400000,6.780379295349121,6.828263282775879,9.643844604492188
0,Downstairs,1555596420599000,3.3039982318878174,3.8115692138671875,5.985504150390625
0,Downstairs,1555596420799000,0.9097966551780701,6.110002517700195,10.917559623718262
0,Downstairs,1555596420999000,1.0630255937576294,1.9345149993896484,6.129156112670898
0,Downstairs,1555596421200000,1.2449848651885986,5.449203014373779,9.41400146484375
0,Downstairs,1555596421401000,1.6280571222305298,5.65031623840332,6.856993675231934
0,Downstairs,1555596421601000,3.907337188720703,3.706224203109741,11.1474027633667
0,Downstairs,1555596421799000,2.911349296569824,3.8115692138671875,8.111555099487305
0,Downstairs,1555596422000000,3.2561142444610596,3.620033025741577,11.185709953308105
0,Downstairs,1555596422200000,3.5434184074401855,3.3710360527038574,9.452308654785156
0,Downstairs,1555596422399000,4.060565948486328,3.2178070545196533,8.149862289428711
0,Downstairs,1555596422600000,5.4875102043151855,3.8977603912353516,7.182605266571045
0,Downstairs,1555596422798000,4.999093055725098,4.01268196105957,8.887276649475098
0,Downstairs,1555596423000000,3.1220390796661377,3.4572272300720215,7.987056732177734
0,Downstairs,1555596423200000,2.31758713722229,3.2082302570343018,7.268796443939209
0,Downstairs,1555596423401000,9.816226959228516,3.141192674636841,11.233593940734863
0,Downstairs,1555596423601000,2.6144683361053467,2.011129379272461,5.324704647064209
0,Downstairs,1555596423800000,1.8483237028121948,4.462791919708252,10.96544361114502
0,Downstairs,1555596424000000,5.535394191741943,2.911349296569824,9.107542991638184
0,Downstairs,1555596424200000,3.5625722408294678,2.892195701599121,5.1810526847839355
0,Downstairs,1555596424400000,3.754108190536499,5.861005783081055,10.362105369567871
0,Downstairs,1555596424601000,3.7253777980804443,0.31603461503982544,8.446743965148926
0,Downstairs,1555596424799000,4.079719543457031,1.2066776752471924,9.002198219299316
0,Downstairs,1555596425000000,1.3120225667953491,6.636727333068848,8.283937454223633
0,Downstairs,1555596425200000,2.3750481605529785,2.2218191623687744,7.259219646453857
0,Downstairs,1555596425401000,4.491522312164307,5.717353820800781,11.712434768676758
0,Downstairs,1555596425601000,1.944091796875,4.1180267333984375,6.291962146759033
0,Downstairs,1555596425800000,2.8634653091430664,3.4380736351013184,14.48970890045166
0,Downstairs,1555596426001000,1.4077905416488647,2.5474305152893066,7.2783732414245605
0,Downstairs,1555596426200000,1.7812861204147339,3.620033025741577,10.400412559509277
0,Downstairs,1555596426400000,0.40222588181495667,2.212242364883423,10.132261276245117
0,Downstairs,1555596426599000,2.6240451335906982,1.3024457693099976,8.925583839416504
0,Downstairs,1555596426799000,4.654327869415283,2.470816135406494,9.165003776550293
0,Downstairs,1555596427000000,3.3710360527038574,1.4173674583435059,9.672574996948242
0,Downstairs,1555596427201000,2.250549554824829,1.8770540952682495,7.632715225219727
0,Downstairs,1555596427400000,2.557007312774658,1.6089035272598267,9.069235801696777
0,Downstairs,1555596427601000,5.477933406829834,2.049436569213867,9.222464561462402
0,Downstairs,1555596427801000,5.928043365478516,2.5953147411346436,10.620678901672363
0,Downstairs,1555596428000000,2.892195701599121,2.4420857429504395,6.751648902893066
0,Downstairs,1555596428200000,3.8786067962646484,3.821146011352539,11.587936401367188
0,Downstairs,1555596428401000,3.1028854846954346,1.2449848651885986,5.57370138168335
0,Downstairs,1555596428601000,4.730942726135254,2.6431987285614014,11.760318756103516
0,Downstairs,1555596428799000,1.4748282432556152,3.5913026332855225,5.717353820800781
0,Downstairs,1555596429000000,-0.5171475410461426,1.4844050407409668,13.819332122802734
0,Downstairs,1555596429201000,0.4405331015586853,4.6255974769592285,7.977479934692383
0,Downstairs,1555596429407000,1.800439715385437,2.011129379272461,7.1251444816589355
0,Downstairs,1555596429599000,3.552995204925537,7.967903137207031,9.078812599182129
0,Downstairs,1555596429800000,5.372588634490967,3.0837318897247314,5.880159378051758
0,Downstairs,1555596429999000,8.054094314575195,3.265691041946411,12.191274642944336
0,Downstairs,1555596430200000,3.3423056602478027,5.966350555419922,3.1028854846954346
0,Downstairs,1555596430401000,1.3503297567367554,3.7445313930511475,10.611102104187012
0,Downstairs,1555596430600000,8.686163902282715,5.430049419403076,13.646949768066406
0,Downstairs,1555596430800000,2.5282769203186035,1.9153614044189453,5.056553840637207
0,Downstairs,1555596431002000,2.6144683361053467,4.9799394607543945,7.738059997558594
0,Downstairs,1555596431201000,2.7485435009002686,2.5761611461639404,8.743624687194824
0,Downstairs,1555596431401000,2.9975404739379883,2.911349296569824,6.224924564361572
0,Downstairs,1555596431601000,6.042964935302734,3.5625722408294678,10.60152530670166
0,Downstairs,1555596431799000,5.410895824432373,2.8826189041137695,10.54406452178955
0,Downstairs,1555596432001000,3.88818359375,0.3926490843296051,7.268796443939209
0,Downstairs,1555596432200000,2.6623523235321045,1.4460978507995605,7.268796443939209
0,Downstairs,1555596432401000,1.216254472732544,4.9799394607543945,6.732495307922363
0,Downstairs,1555596432600000,4.20421838760376,4.999093055725098,13.024456977844238
0,Downstairs,1555596432800000,-0.7757213711738586,4.003105163574219,7.594407558441162
0,Downstairs,1555596432999000,1.656787633895874,2.4229321479797363,6.3302693367004395
0,Downstairs,1555596433199000,1.7621324062347412,9.988609313964844,6.0621185302734375
0,Downstairs,1555596433400000,1.944091796875,1.6376339197158813,7.824251174926758
0,Downstairs,1555596433598000,11.453861236572266,5.870582580566406,15.10262393951416
0,Downstairs,1555596433800000,3.4572272300720215,2.8634653091430664,4.2329487800598145
0,Downstairs,1555596434000000,0.8810662031173706,5.583278179168701,13.599065780639648
0,Downstairs,1555596434200000,3.0550012588500977,2.2888567447662354,4.223371982574463
0,Downstairs,1555596434399000,5.238513469696045,4.434061527252197,11.980585098266602
0,Downstairs,1555596434599000,-1.2066776752471924,5.564124584197998,4.3191399574279785
0,Downstairs,1555596434798000,-0.3064578175544739,3.600879430770874,9.624691009521484
0,Downstairs,1555596434999000,0.4405331015586853,4.299986362457275,11.396400451660156
0,Downstairs,1555596435199000,0.363918662071228,2.31758713722229,10.630255699157715
0,Downstairs,1555596435399000,1.8483237028121948,2.9305028915405273,6.617573261260986
0,Downstairs,1555596435599000,3.485957622528076,1.455674648284912,15.591041564941406
0,Downstairs,1555596435799000,2.145204782485962,1.656787633895874,7.182605266571045
0,Downstairs,1555596435999000,5.056553840637207,0.7565677165985107,10.821791648864746
0,Downstairs,1555596436200000,4.022258758544922,5.228936672210693,5.717353820800781
0,Downstairs,1555596436399000,3.44765043258667,2.2409727573394775,9.816226959228516
0,Downstairs,1555596436600000,6.378153324127197,-0.009576806798577309,12.018892288208008
0,Downstairs,1555596436799000,4.156333923339844,0.49799394607543945,6.761225700378418
0,Downstairs,1555596437000000,-0.4596867263317108,5.305551052093506,7.575253963470459
0,Downstairs,1555596437199000,5.832275390625,3.6774938106536865,13.043610572814941
0,Downstairs,1555596437399000,0.727837324142456,4.845864295959473,6.694188117980957
0,Downstairs,1555596437599000,0.9481038451194763,2.097320795059204,2.8155810832977295
0,Downstairs,1555596437799000,3.5434184074401855,7.920019149780273,5.0469770431518555
0,Downstairs,1555596438000000,2.7006595134735107,2.145204782485962,8.169015884399414
0,Downstairs,1555596438200000,10.745177268981934,3.907337188720703,14.279019355773926
0,Downstairs,1555596438401000,2.7006595134735107,1.7717092037200928,6.473921298980713
0,Downstairs,1555596438598000,1.800439715385437,3.2178070545196533,11.731588363647461
0,Downstairs,1555596438799000,0.7565677165985107,0.38307225704193115,7.920019149780273
0,Downstairs,1555596438999000,3.1028854846954346,2.5091233253479004,9.107542991638184
0,Downstairs,1555596439200000,-1.3886369466781616,6.9240312576293945,5.774814605712891
0,Downstairs,1555596439402000,0.5937620401382446,1.8291701078414917,11.999738693237305
0,Downstairs,1555596439600000,-2.0398597717285156,5.736507415771484,5.717353820800781
0,Downstairs,1555596439799000,2.38462495803833,2.9305028915405273,7.33583402633667
0,Downstairs,1555596440000000,1.4652514457702637,5.1331682205200195,11.425130844116211
0,Downstairs,1555596440199000,0.13407529890537262,1.015141487121582,5.870582580566406
0,Downstairs,1555596440399000,2.8347349166870117,4.156333923339844,9.979032516479492
0,Downstairs,1555596440599000,6.512228488922119,-0.09576806426048279,11.84650993347168
0,Downstairs,1555596440799000,3.361459255218506,1.8579005002975464,5.985504150390625
0,Downstairs,1555596441000000,4.357447147369385,2.5953147411346436,7.833827972412109
0,Downstairs,1555596441200000,4.271255970001221,0.8427590131759644,9.107542991638184
0,Downstairs,1555596441399000,3.2752678394317627,2.078166961669922,8.638279914855957
0,Downstairs,1555596441599000,3.4572272300720215,3.026270866394043,8.619126319885254
0,Downstairs,1555596441803000,3.5721490383148193,-0.3734954595565796,5.5545477867126465
0,Downstairs,1555596441998000,3.1220390796661377,1.2737152576446533,7.661445617675781
0,Downstairs,1555596442199000,3.8115692138671875,8.96389102935791,7.479485988616943
0,Downstairs,1555596442398000,1.4269442558288574,1.139639973640442,7.000645637512207
0,Downstairs,1555596442599000,2.0877439975738525,1.1492167711257935,7.182605266571045
0,Downstairs,1555596442801000,-0.23942017555236816,10.333374977111816,3.8115692138671875
0,Downstairs,1555596442999000,2.6623523235321045,1.4844050407409668,8.149862289428711
0,Downstairs,1555596443199000,7.603984832763672,3.1220390796661377,17.37232780456543
0,Downstairs,1555596443399000,0.8140285611152649,2.0590133666992188,5.822698593139648
0,Downstairs,1555596443601000,-2.1739351749420166,5.200206279754639,13.378799438476562
0,Downstairs,1555596443800000,-1.0821791887283325,2.403778553009033,4.347870349884033
0,Upstairs,1555596449599000,-3.026270866394043,4.692635536193848,14.346056938171387
0,Upstairs,1555596449800000,0.49799394607543945,1.0821791887283325,6.090848922729492
0,Upstairs,1555596450001000,2.9017724990844727,1.0055646896362305,9.404424667358398
0,Upstairs,1555596450199000,3.773261785507202,1.7717092037200928,11.520898818969727
0,Upstairs,1555596450399000,1.742978811264038,3.1890766620635986,4.654327869415283
0,Upstairs,1555596450599000,-1.8579005002975464,5.439626216888428,13.991714477539062
0,Upstairs,1555596450800000,-1.0438719987869263,2.6240451335906982,9.011775016784668
0,Upstairs,1555596451000000,0.8236053586006165,1.723825216293335,4.376600742340088
0,Upstairs,1555596451200000,4.01268196105957,2.145204782485962,12.67011547088623
0,Upstairs,1555596451399000,2.691082715988159,2.1930887699127197,7.469909191131592
0,Upstairs,1555596451600000,-0.49799394607543945,3.687070608139038,6.636727333068848
0,Upstairs,1555596451799000,2.5474305152893066,3.4763808250427246,18.34916114807129
0,Upstairs,1555596451999000,1.944091796875,2.126051187515259,6.426037311553955
0,Upstairs,1555596452200000,2.212242364883423,3.754108190536499,5.353435039520264
0,Upstairs,1555596452400000,5.621585369110107,1.3694833517074585,11.338939666748047
0,Upstairs,1555596452600000,1.1013327836990356,2.853888511657715,6.167463779449463
0,Upstairs,1555596452799000,0.45010992884635925,5.4013190269470215,10.256759643554688
0,Upstairs,1555596452999000,0.8427590131759644,0.9385270476341248,13.771448135375977
0,Upstairs,1555596453200000,1.8962076902389526,2.892195701599121,4.558559894561768
0,Upstairs,1555596453400000,1.9728221893310547,3.9647979736328125,5.420472621917725
0,Upstairs,1555596453600000,4.807557106018066,1.0630255937576294,13.436260223388672
0,Upstairs,1555596453799000,2.9688100814819336,0.28730419278144836,6.722918510437012
0,Upstairs,1555596454000000,-2.250549554824829,4.079719543457031,11.386823654174805
0,Upstairs,1555596454200000,3.5242648124694824,0.8236053586006165,10.35252857208252
0,Upstairs,1555596454402000,2.8443117141723633,1.580173134803772,4.6255974769592285
0,Upstairs,1555596454601000,3.869029998779297,-0.06703764945268631,9.615114212036133
0,Upstairs,1555596454799000,2.63362193107605,1.216254472732544,11.262324333190918
0,Upstairs,1555596455001000,-0.9768342971801758,2.7485435009002686,6.138733386993408
0,Upstairs,1555596455200000,1.4844050407409668,2.0398597717285156,18.195932388305664
0,Upstairs,1555596455400000,3.5913026332855225,0.6033388376235962,7.163451671600342
0,Upstairs,1555596455600000,2.0398597717285156,3.1316158771514893,2.1068975925445557
0,Upstairs,1555596455800000,5.861005783081055,-0.43095630407333374,14.642937660217285
0,Upstairs,1555596456000000,4.414907932281494,1.8100165128707886,7.422025203704834
0,Upstairs,1555596456200000,1.7334020137786865,2.604891538619995,5.765237808227539
0,Upstairs,1555596456400000,0.7948749661445618,2.212242364883423,15.61019515991211
0,Upstairs,1555596456601000,1.1875240802764893,2.0877439975738525,7.163451671600342
0,Upstairs,1555596456800000,1.5418659448623657,1.2449848651885986,6.3973069190979
0,Upstairs,1555596457000000,7.996633529663086,1.1492167711257935,12.172121047973633
0,Upstairs,1555596457201000,3.7445313930511475,3.5913026332855225,7.1251444816589355
0,Upstairs,1555596457400000,0.0,4.529829502105713,7.038952827453613
0,Upstairs,1555596457600000,3.6966474056243896,3.1220390796661377,14.79616641998291
0,Upstairs,1555596457801000,1.2737152576446533,2.0015525817871094,6.789956092834473
0,Upstairs,1555596458000000,2.719813108444214,1.4748282432556152,6.023811340332031
0,Upstairs,1555596458201000,4.32871675491333,0.43095630407333374,13.560758590698242
0,Upstairs,1555596458400000,1.9919757843017578,2.7964274883270264,6.004657745361328
0,Upstairs,1555596458600000,3.0837318897247314,4.797980308532715,10.505757331848145
0,Upstairs,1555596458799000,3.361459255218506,2.049436569213867,14.259865760803223
0,Upstairs,1555596458999000,1.1300631761550903,1.9345149993896484,4.865017890930176
0,Upstairs,1555596459200000,1.2737152576446533,3.1220390796661377,6.033388137817383
0,Upstairs,1555596459399000,8.169015884399414,0.5267243981361389,14.85362720489502
0,Upstairs,1555596459600000,4.367023944854736,2.4420857429504395,4.443638324737549
0,Upstairs,1555596459800000,2.4899697303771973,2.6623523235321045,5.774814605712891
0,Upstairs,1555596459999000,3.3231520652770996,5.056553840637207,13.30218505859375
0,Upstairs,1555596460201000,6.445190906524658,4.031835556030273,8.054094314575195
0,Upstairs,1555596460400000,4.050989151000977,1.944091796875,4.912901878356934
0,Upstairs,1555596460600000,5.544970989227295,0.5554547905921936,8.044517517089844
0,Upstairs,1555596460800000,5.803544998168945,-1.359906554222107,14.288596153259277
0,Upstairs,1555596461000000,3.227383852005005,1.8962076902389526,6.780379295349121
0,Upstairs,1555596461200000,2.8826189041137695,4.8937482833862305,15.10262393951416
0,Upstairs,1555596461400000,5.142745018005371,-2.049436569213867,12.440272331237793
0,Upstairs,1555596461601000,1.5705963373184204,0.06703764945268631,4.185064792633057
0,Upstairs,1555596461799000,4.941632270812988,0.9097966551780701,7.1921820640563965
0,Upstairs,1555596462000000,6.4834980964660645,1.139639973640442,12.507309913635254
0,Upstairs,1555596462201000,1.4173674583435059,2.1930887699127197,7.287950038909912
0,Upstairs,1555596462400000,3.9647979736328125,0.7661445140838623,14.882357597351074
0,Upstairs,1555596462600000,2.0015525817871094,-0.49799394607543945,7.805097579956055
0,Upstairs,1555596462799000,1.4173674583435059,0.9481038451194763,5.257667064666748
0,Upstairs,1555596462999000,6.339846134185791,-0.871489405632019,12.373234748840332
0,Upstairs,1555596463201000,3.600879430770874,0.6703764796257019,8.35097599029541
0,Upstairs,1555596463400000,1.2545616626739502,2.0877439975738525,9.241618156433105
0,Upstairs,1555596463600000,2.1930887699127197,0.24899697303771973,18.004396438598633
0,Upstairs,1555596463800000,2.7293899059295654,0.7469909191131592,4.7405195236206055
0,Upstairs,1555596464001000,2.5282769203186035,2.5953147411346436,5.315127849578857
0,Upstairs,1555596464200000,6.694188117980957,-1.6280571222305298,15.619771957397461
0,Upstairs,1555596464400000,3.514688014984131,1.6280571222305298,6.675034523010254
0,Upstairs,1555596464599000,1.7334020137786865,1.9823989868164062,7.766790390014648
0,Upstairs,1555596464799000,4.5394062995910645,1.091755986213684,17.468095779418945
0,Upstairs,1555596465002000,2.671929121017456,0.9959878921508789,6.493074893951416
0,Upstairs,1555596465200000,1.091755986213684,2.671929121017456,4.060565948486328
0,Upstairs,1555596465399000,3.9456443786621094,1.4844050407409668,11.836933135986328
0,Upstairs,1555596465601000,6.358999729156494,-4.999093055725098,12.344504356384277
0,Upstairs,1555596465799000,2.9496564865112305,-2.652775526046753,6.042964935302734
0,Upstairs,1555596465999000,1.37906014919281,0.689530074596405,6.215347766876221
0,Upstairs,1555596466200000,6.004657745361328,2.959233283996582,11.281478881835938
0,Upstairs,1555596466399000,4.778826713562012,3.112462282180786,7.489062786102295
0,Upstairs,1555596466600000,2.63362193107605,2.604891538619995,6.023811340332031
0,Upstairs,1555596466799000,2.38462495803833,4.050989151000977,6.502651691436768
0,Upstairs,1555596466999000,8.26478385925293,-1.6184803247451782,12.401965141296387
0,Upstairs,1555596467201000,5.257667064666748,0.08619125932455063,8.02536392211914
0,Upstairs,1555596467400000,2.3558945655822754,2.671929121017456,7.393294811248779
0,Upstairs,1555596467601000,3.1699230670928955,1.9345149993896484,14.106636047363281
0,Upstairs,1555596467801000,3.361459255218506,0.1628057211637497,6.943184852600098
0,Upstairs,1555596468000000,1.2641384601593018,1.4269442558288574,3.8498764038085938
0,Upstairs,1555596468201000,7.805097579956055,-0.43095630407333374,14.106636047363281
0,Upstairs,1555596468401000,4.788403511047363,3.1028854846954346,7.594407558441162
0,Upstairs,1555596468600000,2.2026655673980713,2.691082715988159,6.8378400802612305
0,Upstairs,1555596468799000,2.959233283996582,4.347870349884033,13.781024932861328
0,Upstairs,1555596468999000,2.7772738933563232,2.183511972427368,8.40843677520752
0,Upstairs,1555596469201000,0.9097966551780701,2.4133553504943848,3.7445313930511475
0,Upstairs,1555596469402000,8.063671112060547,0.545877993106842,11.683704376220703
0,Upstairs,1555596469601000,5.736507415771484,2.011129379272461,7.249642848968506
0,Upstairs,1555596469800000,1.7717092037200928,2.1930887699127197,5.506663799285889
0,Upstairs,1555596470000000,4.491522312164307,4.548983097076416,13.656526565551758
0,Upstairs,1555596470201000,2.1356279850006104,0.8427590131759644,8.705317497253418
0,Upstairs,1555596470400000,2.3750481605529785,1.9057846069335938,2.911349296569824
0,Upstairs,1555596470600000,6.378153324127197,1.9632453918457031,11.1474027633667
0,Upstairs,1555596470801000,4.9799394607543945,0.9864110946655273,8.935160636901855
0,Upstairs,1555596471001000,2.470816135406494,2.030282974243164,4.836287498474121
0,Upstairs,1555596471200000,4.63517427444458,3.6583402156829834,12.871228218078613
0,Upstairs,1555596471399000,2.5474305152893066,2.145204782485962,9.126696586608887
0,Upstairs,1555596471601000,1.580173134803772,2.0015525817871094,4.845864295959473
0,Upstairs,1555596471802000,3.687070608139038,3.246537446975708,8.398859977722168
0,Upstairs,1555596471999000,8.169015884399414,-0.363918662071228,14.317326545715332
0,Upstairs,1555596472201000,4.022258758544922,1.599326729774475,4.587290287017822
0,Upstairs,1555596472401000,3.3231520652770996,2.5953147411346436,6.560112476348877
0,Upstairs,1555596472600000,4.63517427444458,4.041412353515625,12.469002723693848
0,Upstairs,1555596472799000,6.904877662658691,2.403778553009033,7.364564418792725
0,Upstairs,1555596473000000,2.9017724990844727,2.38462495803833,3.3901896476745605
0,Upstairs,1555596473200000,5.631162166595459,-0.4405331015586853,10.409989356994629
0,Upstairs,1555596473401000,4.3191399574279785,-0.06703764945268631,9.59596061706543
0,Upstairs,1555596473600000,3.734954595565796,2.652775526046753,9.260771751403809
0,Upstairs,1555596473799000,2.5665841102600098,4.031835556030273,12.90953540802002
0,Upstairs,1555596474000000,3.7445313930511475,-0.6224924325942993,11.923124313354492
0,Upstairs,1555596474200000,2.1164743900299072,0.38307225704193115,5.5545477867126465
0,Upstairs,1555596474399000,4.252102375030518,0.28730419278144836,6.3302693367004395
0,Upstairs,1555596474601000,5.2672438621521,1.7046716213226318,12.48815631866455
0,Upstairs,1555596474799000,2.4420857429504395,2.9688100814819336,5.57370138168335
0,Upstairs,1555596475000000,2.0877439975738525,3.141192674636841,14.077905654907227
0,Upstairs,1555596475200000,3.907337188720703,0.8523358106613159,9.299078941345215
0,Upstairs,1555596475401000,1.1875240802764893,1.6376339197158813,3.045424461364746
0,Upstairs,1555596475601000,6.291962146759033,-0.35434186458587646,11.568782806396484
0,Upstairs,1555596475800000,6.464344501495361,1.0342950820922852,10.122684478759766
0,Upstairs,1555596476001000,2.5282769203186035,2.5474305152893066,4.9799394607543945
0,Upstairs,1555596476201000,4.8937482833862305,2.8155810832977295,15.389928817749023
0,Upstairs,1555596476400000,2.5761611461639404,-0.13407529890537262,6.607996463775635
0,Upstairs,1555596476598000,2.145204782485962,1.8291701078414917,2.9975404739379883
0,Upstairs,1555596476799000,7.910442352294922,0.31603461503982544,11.903970718383789
0,Upstairs,1555596476999000,5.295974254608154,1.8387469053268433,9.117119789123535
0,Upstairs,1555596477199000,2.2218191623687744,2.5091233253479004,5.114014625549316
0,Upstairs,1555596477399000,4.01268196105957,3.332728862762451,15.24627685546875
0,Upstairs,1555596477598000,4.347870349884033,2.7006595134735107,8.255207061767578
0,Upstairs,1555596477798000,1.9823989868164062,2.38462495803833,1.9919757843017578
0,Upstairs,1555596477999000,5.669469833374023,2.6431987285614014,11.386823654174805
0,Upstairs,1555596478199000,6.464344501495361,2.0590133666992188,8.686163902282715
0,Upstairs,1555596478399000,2.911349296569824,2.078166961669922,5.343858242034912
0,Upstairs,1555596478599000,4.683058738708496,3.466804027557373,11.35809326171875
0,Upstairs,1555596478801000,4.1180267333984375,1.6184803247451782,9.988609313964844
0,Upstairs,1555596478999000,5.114014625549316,1.6089035272598267,6.761225700378418
0,Upstairs,1555596479199000,3.8977603912353516,0.6991068720817566,5.621585369110107
0,Upstairs,1555596479401000,7.489062786102295,-1.6089035272598267,14.901511192321777
0,Upstairs,1555596479599000,4.8267107009887695,1.1300631761550903,8.178592681884766
0,Upstairs,1555596479799000,1.8579005002975464,4.587290287017822,9.567230224609375
0,Upstairs,1555596480000000,5.161899089813232,2.920926094055176,16.99883270263672
0,Upstairs,1555596480198000,3.3518824577331543,-0.3256114423274994,7.51779317855835
0,Upstairs,1555596480399000,2.231395959854126,-0.5171475410461426,3.313575267791748
0,Upstairs,1555596480599000,4.750096321105957,0.35434186458587646,17.38190460205078
0,Upstairs,1555596480799000,2.0590133666992188,3.0166940689086914,4.797980308532715
0,Upstairs,1555596481000000,2.911349296569824,2.5474305152893066,15.112200736999512
0,Upstairs,1555596481203000,3.179499864578247,-0.26815059781074524,6.2632317543029785
0,Upstairs,1555596481398000,1.886630892753601,1.867477297782898,3.093308687210083
0,Upstairs,1555596481599000,8.753201484680176,-1.6376339197158813,10.390835762023926
0,Upstairs,1555596481799000,5.468356609344482,2.1164743900299072,9.653421401977539
0,Upstairs,1555596481999000,1.7142484188079834,2.2409727573394775,6.0621185302734375
0,Upstairs,1555596482199000,4.788403511047363,2.8347349166870117,17.286136627197266
0,Upstairs,1555596482399000,4.194641590118408,0.689530074596405,4.932055473327637
0,Upstairs,1555596482598000,1.3024457693099976,1.50355863571167,3.5721490383148193
0,Upstairs,1555596482799000,11.41555404663086,1.091755986213684,13.97256088256836
0,Upstairs,1555596482999000,4.874594688415527,2.5953147411346436,5.765237808227539
0,Upstairs,1555596483199000,1.7046716213226318,4.3191399574279785,7.939172744750977
0,Upstairs,1555596483398000,2.1739351749420166,4.596867084503174,13.646949768066406
0,Upstairs,1555596483599000,-0.40222588181495667,2.403778553009033,6.14831018447876
0,Upstairs,1555596483803000,-0.9672574996948242,4.338293552398682,5.899312973022461
0,Upstairs,1555596483998000,-0.8236053586006165,6.1770405769348145,10.898406028747559
